longmin=121.206745145142
longmax=121.293130115327
latmin=28.0907827339067
latmax=28.1448647126301
starttime=2004-01-01 00:00:00
endtime=2004-01-01 05:00:00
timesteps==61
deltatime_secs=300
datatype=WaterDepth
legend_color=255|255|255,85|0|171,42|0|213,0|0|255,0|56|225,0|111|195,0|166|166,0|196|110,0|226|55,0|255|0,85|255|0,170|255|0,255|255|0,255|170|0,255|85|0,255|0|0
legend_desc=0~0.05,0.05~0.1,0.1~0.8,0.8~1.6,1.6~2,2~2.4,2.4~2.8,2.8~3.2,3.2~3.6,3.6~4,4~4.4,4.4~5,5~8,8~10,10~15,>15
